Intercept: 4.161654135338296
Coefficients: 15.508771929824569
